   2.0000000e+00   2.6432862e-01   7.3404163e-01   3.8466038e-01  -7.8694410e-01  -1.1800086e+00  -6.1164683e-01
   2.0000000e+00  -2.6452735e-01  -1.4838242e+00  -3.1769779e-01  -1.8408873e+00   1.0706797e+00  -1.8130676e-01
   2.0000000e+00  -8.2799419e-01  -1.3357251e+00  -2.1875840e-02  -3.9632759e-01   1.5601160e+00   1.4283239e+00
   1.0000000e+00   1.1264651e+00   2.7745426e-01   5.0730676e-01  -6.7846719e-01   7.5886418e-01   1.8354523e-01
   2.0000000e+00   2.9976352e-02  -2.4481815e-01   4.7625792e-01  -1.0493926e+00  -2.1836915e-01  -1.4487854e+00
   2.0000000e+00   6.0283622e-01  -1.8741895e-01   5.0385364e-02   1.6759644e-01  -8.2122971e-01  -1.8307385e+00
   1.0000000e+00  -4.6308704e-01  -3.3885904e-01  -3.1554662e-01  -2.4220053e-02  -8.6196639e-01   2.8440222e-01
   2.0000000e+00  -6.0327600e-01   6.0211376e-04  -1.0852468e+00  -1.3598810e+00  -9.5678238e-01   1.5404816e+00
   2.0000000e+00  -1.0918121e+00   1.0099014e+00   1.7364657e+00   2.1641161e+00  -3.0007809e-02  -6.7196560e-01
   2.0000000e+00   1.5060115e-01  -4.9491251e-01   2.5481500e+00  -1.5875413e+00   1.3956278e+00  -6.3733354e-01
   2.0000000e+00  -1.1848103e-01  -1.1341248e+00  -6.2636962e-02   2.6036371e+00  -9.3769072e-01  -4.2261886e-01
   2.0000000e+00  -2.6162634e-01   1.4312923e+00   7.2041161e-03   2.7099355e-01  -3.8224349e-02   1.0457373e-01
   2.0000000e+00   6.3315000e-01   9.6565118e-01  -1.0559226e+00   2.3686425e+00  -6.3152708e-01   4.5334661e-01
   2.0000000e+00  -1.5426590e+00  -2.5560257e+00   7.9267849e-02   1.7127050e+00   4.9834410e-01  -9.0571639e-01
   2.0000000e+00   4.5254902e-01   1.1945149e+00   1.2816966e-02  -1.3677209e-01   3.0450946e+00   4.3491344e-02
   2.0000000e+00   1.4829428e+00  -2.6194916e-01   9.2245978e-02   1.4245291e+00  -3.9388960e-01   1.0576871e+00
   2.0000000e+00  -1.0040835e+00   7.1162423e-01  -1.5933916e+00  -1.1404890e+00  -1.7929841e+00  -4.3125407e-01
   2.0000000e+00   1.1249656e+00   9.4103397e-01  -1.8302393e-01  -8.3731953e-01  -8.8205907e-01   1.7914949e+00
   2.0000000e+00  -2.0080627e+00   7.3485282e-01   2.1061020e-01  -1.7288606e+00  -9.8824172e-01   1.7240768e+00
   2.0000000e+00  -3.8663513e-01  -1.4281975e+00   7.2973478e-01   2.7454705e-01  -1.0483798e+00  -7.2437463e-01
   2.0000000e+00  -6.2166905e-01   2.6291963e+00  -4.5362827e-01  -2.2362811e+00  -1.9388056e-01  -3.2211307e-01
   2.0000000e+00  -2.6895121e+00   4.8488347e-01  -1.3729694e+00  -4.8871334e-01  -6.6185102e-01  -1.0955664e+00
   2.0000000e+00  -2.8543016e+00  -3.1974485e-01  -6.2379067e-01   6.1377167e-01   2.9227061e-01  -6.4669324e-01
   2.0000000e+00  -5.7027953e-01   2.0915648e+00  -9.2205951e-01  -1.3256800e+00   1.0562299e+00  -8.8999973e-01
   2.0000000e+00   5.5495354e-01  -3.0325817e-01   1.0106190e+00   2.2270324e-01   3.8083148e-01  -1.1935727e+00
   2.0000000e+00   7.9353931e-01  -7.5107522e-01   3.4790401e-01   2.2967442e-02   3.5621229e-01  -6.4256854e-01
   2.0000000e+00   1.1628439e+00   5.3062319e-01  -2.5059624e+00   7.5841765e-03   7.3671464e-01  -1.0322659e+00
   2.0000000e+00  -3.3720390e-01   1.4455008e+00  -2.4142616e+00  -2.2395397e+00  -8.5137888e-01   7.3838395e-01
   2.0000000e+00   5.5629282e-01   3.4736973e-01  -1.8631101e+00  -1.0096513e+00  -2.4072190e+00  -8.4241733e-01
   2.0000000e+00  -1.4911248e+00  -5.5059948e-01  -2.1022443e+00   1.8402019e-01  -6.6936855e-01   1.5439262e-01
   2.0000000e+00  -3.5564556e-01   1.0728007e+00   2.2705718e-01   5.0322589e-01   1.1995546e+00   4.3668303e-02
   2.0000000e+00  -6.8138452e-01   1.6837843e+00  -1.5757355e+00   1.2044957e+00   1.2803258e+00   1.8327574e-01
   2.0000000e+00  -7.3506209e-02   1.0331057e+00   5.1537822e-01  -1.1597045e+00  -1.2393800e-01  -4.0884221e-01
   2.0000000e+00   7.9210423e-01   1.3433988e+00  -9.5734391e-01  -4.1625714e-01  -6.1924610e-01   1.2375494e+00
   2.0000000e+00   8.4289541e-01  -9.1588250e-03  -5.3306825e-01  -8.8957766e-01   5.5708645e-02  -4.2217584e-01
   2.0000000e+00   7.5456899e-01   1.3693193e+00   8.2530620e-01  -1.6754698e-01   6.8226812e-01  -5.4794890e-02
   2.0000000e+00   1.1464050e+00  -1.4092691e+00   4.0547808e-02  -6.9453484e-01   1.6283112e-01  -1.1313052e-01
   2.0000000e+00   2.2617520e-01   8.3727280e-01  -8.9881310e-01  -1.0887289e-01   5.0452207e-01  -4.1408862e-01
   2.0000000e+00  -3.1572459e-01  -2.0258139e+00  -1.5979740e-01   7.0264497e-01   1.0760347e+00   4.2880678e-01
   2.0000000e+00   1.2757139e+00  -2.8925632e-01  -5.3057496e-01   4.6843641e-02   6.9585984e-01  -1.0745957e-02
   2.0000000e+00   3.8352357e-01  -1.1225472e-01  -2.1026676e-01  -1.4560043e+00   1.4544837e+00  -6.8213452e-01
   2.0000000e+00  -1.6333138e+00  -1.6286148e+00  -2.1846552e-01  -5.0284568e-01   8.6298383e-01   2.5696209e-01
   2.0000000e+00  -2.6960346e-01  -8.5694198e-01  -1.1144792e+00   9.6249835e-01   8.4991312e-02  -1.1234822e-03
   2.0000000e+00  -9.5027550e-01  -7.3074241e-02  -5.0102948e-01  -3.9094335e-01  -6.1510572e-01  -1.1145054e+00
   1.0000000e+00   8.0625197e-01  -2.0411855e-01  -1.5480329e+00  -2.2330206e+00   8.4965762e-01   6.0583512e-02
   1.0000000e+00   1.8487253e-01   8.1587051e-01   1.3057437e+00  -1.1898304e+00  -4.5614366e-01   2.3383709e-02
   2.0000000e+00   7.1648110e-01   9.2013260e-01  -1.0012436e+00  -1.2068960e+00   7.6422687e-01  -1.2760618e+00
   2.0000000e+00   4.2472135e-01  -8.6959128e-01  -4.0531409e-01  -7.9579008e-01   1.7585020e-01   6.9983688e-01
   1.0000000e+00   5.3568678e-01  -9.0102714e-01  -1.2130159e+00  -9.0704550e-01   4.2961742e-01   2.4122111e-01
   2.0000000e+00  -9.3693238e-01   1.3349981e+00  -1.7687627e+00   5.0935588e-02  -1.1316156e-01  -1.0592938e-01
   1.0000000e+00  -2.5821968e-01   8.5434796e-01  -5.5378204e-01  -2.5339114e-01  -1.5058988e-01   1.8768728e-01
   1.0000000e+00  -1.2483388e+00   5.1801501e-01   5.2113441e-01   6.5946769e-01   3.2761702e-01   7.0429613e-01
   2.0000000e+00   1.0108567e+00  -2.1865477e-01  -2.1159963e-01   9.9508530e-01   2.4412373e-01  -2.1475423e+00
   2.0000000e+00  -2.4075925e+00   1.5703899e+00   1.7574255e+00   1.4080383e-01  -2.9325422e-01   6.5802327e-01
   2.0000000e+00  -2.4746857e-02   5.9906650e-01  -7.7324831e-01  -7.2205092e-01  -4.2464352e-01  -1.4164415e-01
   2.0000000e+00  -2.7646390e-01   4.5744908e-01  -1.3684156e+00   1.2796405e+00   6.6219474e-01  -7.2945645e-02
   2.0000000e+00   1.1962419e+00  -9.6210494e-01   1.7847317e+00   9.1287618e-01  -1.3188196e+00  -8.8930466e-01
   1.0000000e+00  -3.2021091e+00  -4.2451495e-01  -1.0830524e+00   3.2907396e-03  -6.7305201e-01   2.4464483e-01
   1.0000000e+00  -1.0346870e-02  -1.0369097e-01   5.1549949e-03  -4.0653258e-01   5.9114003e-02   6.6119585e-01
   2.0000000e+00   8.6118371e-01  -5.3739845e-01   5.1240613e-01   1.5337244e-01  -1.1396545e+00   1.1780049e+00
   2.0000000e+00  -4.0687482e-01   8.8316775e-01   1.0729560e+00   1.9901206e-01  -7.0970471e-01  -1.6026965e-01
   2.0000000e+00   4.5968912e-01   6.9502123e-01   9.0540332e-01   8.1344999e-01   1.0787755e+00  -9.7491141e-01
   2.0000000e+00   1.9001026e+00  -2.3231698e+00  -1.0864662e+00  -9.3701159e-01   5.7298352e-01  -9.3060492e-01
   2.0000000e+00  -1.6274637e+00   6.1935820e-01   1.5100379e+00   4.5450658e-01  -2.4119657e-01  -3.4737668e-01
   1.0000000e+00   1.5708379e-01   3.8702950e-01   1.2822515e+00  -3.1038540e-01  -3.5853979e-03   1.1569319e-01
   2.0000000e+00  -1.3049858e+00   5.5678923e-01  -5.1424037e-02   1.9875501e+00  -5.2378589e-01  -1.2170135e+00
   2.0000000e+00   4.3489472e-01   4.5512546e-01   2.4339138e-01   1.6640596e+00   1.1668251e+00  -8.0419912e-01
   2.0000000e+00  -6.3589899e-01  -9.9224913e-02  -5.9078671e-01   1.1908244e+00  -1.5190671e+00  -4.0755458e-02
   2.0000000e+00   7.9657172e-01   7.1980201e-01   1.0852321e+00   3.6627753e-01  -1.4063859e-01   1.2468783e+00
   2.0000000e+00  -8.9772001e-01   1.0858398e+00  -1.8291636e+00   2.2734071e+00  -1.8923539e+00  -1.4538389e+00
   1.0000000e+00   4.5636404e-02  -2.7568146e-01  -7.4598559e-01  -1.6060242e-01   1.7802491e+00   7.4877495e-01
   2.0000000e+00  -1.9514982e+00  -2.7732634e-01  -1.3828369e+00   5.4983487e-01   1.9395628e+00  -4.4973648e-01
   2.0000000e+00   5.3969689e-02   2.2528442e-01  -4.7710947e-01  -2.1678822e+00   9.2731806e-01  -3.4537242e-01
   2.0000000e+00  -1.2125925e-01   5.0657236e-01  -8.2934518e-01  -1.7687231e+00   1.3219953e+00  -4.6987121e-01
   2.0000000e+00   2.3175283e-01   9.7940366e-01  -5.3266495e-01  -1.1892307e+00   2.0953392e-01  -2.7299256e-01
   1.0000000e+00  -1.3484066e+00   2.1562866e-01  -1.0603166e+00   6.9613607e-01   1.0595465e+00   9.3543546e-01
   2.0000000e+00  -6.8001177e-01  -2.2978472e-01   2.7953315e+00   1.6109385e+00   1.9923673e-01  -5.7181640e-01
   1.0000000e+00   2.0430042e+00   7.6224444e-01  -8.2666853e-01   7.5612207e-01   1.8947462e-01   2.8931311e-01
   2.0000000e+00   7.3159012e-01  -2.4192319e+00   2.4987980e-01  -1.2667799e-01  -8.1635428e-01   8.9245423e-01
   2.0000000e+00  -1.9007985e+00   1.2649112e+00  -3.1510997e-01  -1.5562698e+00  -1.4946250e+00   6.8049631e-01
   2.0000000e+00  -6.2994686e-01  -1.7302486e+00   1.5203317e+00  -2.8023151e-02  -4.3198291e-01  -4.3744278e-01
   2.0000000e+00  -6.3778002e-01  -7.3359427e-01  -4.9827338e-01  -1.9897751e+00   1.4151768e+00   2.7296110e+00
   2.0000000e+00  -7.8822899e-03  -3.9442916e-03   1.1316118e+00  -1.7309356e+00  -3.3294221e-02  -1.8353446e+00
   1.0000000e+00  -1.1232793e+00  -1.9795374e-01   1.1099525e+00  -1.0778794e+00  -6.8549853e-01   7.8942029e-01
   2.0000000e+00   5.4422453e-01   1.4500310e+00   5.5444322e-01   1.1434215e-01   1.7687227e+00  -5.9736388e-01
   2.0000000e+00  -3.2840196e-01  -1.8002609e-01  -4.0957260e-01   1.9074874e+00   1.2781416e+00   1.9623788e+00
   2.0000000e+00  -3.3122913e-01  -4.3306241e-01   8.5589020e-01   1.2808017e+00  -3.5480665e-01  -6.5403201e-01
   2.0000000e+00  -9.0163660e-01   1.1048981e+00  -2.5615167e-01   2.4763306e+00  -2.2676577e-01   1.1643239e+00
   2.0000000e+00  -1.7343299e+00  -3.3229168e-01  -1.5009979e+00  -1.6021396e+00  -8.9442999e-01  -1.5018714e+00
   2.0000000e+00   1.0484555e+00   1.1910942e+00  -1.5643406e-01   6.7954384e-01   8.7668537e-01   4.7749888e-01
   2.0000000e+00  -7.0353409e-02  -2.1869993e-01  -2.1273745e+00   1.9119694e-01   1.8925028e+00   3.5922987e-01
   2.0000000e+00  -5.6451757e-02  -1.5269740e+00   1.2003845e+00   1.6560599e+00  -7.3533172e-01  -9.8480345e-01
   2.0000000e+00   2.6759689e-01   3.5085364e-01   1.7447765e+00  -5.8380192e-01   9.4350025e-02  -1.1307116e+00
   2.0000000e+00  -7.4459429e-02   1.9683542e+00  -7.2780862e-01   1.7240200e+00  -6.9886081e-01  -9.4995216e-02
   2.0000000e+00  -2.0454902e-01  -5.1542076e-01   6.4427073e-01  -1.2291872e+00   2.8886104e-01  -1.0898592e+00
   2.0000000e+00  -1.6859256e+00   1.0293407e+00   1.6453867e+00   3.5803529e-02   1.5920917e+00   7.6710589e-01
   2.0000000e+00   1.5120971e-01   1.8325345e+00   1.0347309e-01   2.1793565e-01   1.2472057e+00   4.1459115e-01
   1.0000000e+00  -4.8831393e-01  -6.8884069e-01  -6.9425220e-02   1.1744865e+00  -1.4637586e+00   4.8355496e-01
   2.0000000e+00  -4.7125166e-01   9.4599097e-01  -1.8176428e+00   2.2286784e-01   4.3032765e-01   2.0708131e+00
   2.0000000e+00   4.1641145e-01  -6.5654478e-01  -1.6933390e-01  -1.9291955e+00   2.7260319e-01   8.1028216e-01
   2.0000000e+00   1.5406048e-01   8.1459891e-02  -5.6947647e-02  -4.5086416e-01   1.0630359e+00   1.2273602e+00
   1.0000000e+00   5.0586515e-01   6.0108893e-01  -1.5200842e-01  -6.2820485e-01   4.3919930e-01   4.5900011e-01
   2.0000000e+00   1.4684657e-01  -1.2025527e+00   2.2028479e+00  -2.2167088e+00  -4.2073612e-01   6.2063925e-01
   2.0000000e+00  -8.8951353e-01  -5.1793011e-02  -6.9960281e-01  -1.6595403e-01  -8.0687060e-01  -9.1120073e-02
   2.0000000e+00  -6.3905832e-01   8.0304890e-01   1.0773607e+00  -7.5296749e-01   1.0138626e+00   8.9802607e-01
   2.0000000e+00   2.2902264e+00  -1.4748457e+00  -1.5645352e+00   5.4770155e-01  -3.6242103e-01   9.0257488e-02
   2.0000000e+00   3.1402137e-01  -1.0780065e-01   1.2216562e+00   1.7436747e+00   1.2705041e-01   2.0708058e+00
   2.0000000e+00  -9.4991776e-01   5.9887738e-01  -2.1342813e-01   1.2148995e+00  -2.8836270e-01  -9.1066103e-01
   2.0000000e+00  -5.0225918e-01  -7.2151923e-01   5.6405513e-01  -8.7991272e-01  -1.3357318e+00   2.4752726e+00
   2.0000000e+00  -1.1382368e+00   3.4416361e-01  -9.5561202e-02  -4.8707481e-01  -2.4219425e+00  -2.7311354e-01
   2.0000000e+00  -3.5225822e-02   9.4269854e-01  -2.3685602e-01  -5.3509154e-01   3.9797227e-01   8.1923897e-01
   1.0000000e+00  -2.5328302e+00  -4.1180478e-01   1.1053831e+00   6.0169196e-01   1.0329648e+00   4.7713634e-01
   2.0000000e+00  -1.1620964e-01   6.9313026e-01  -5.6027186e-01   7.4632941e-01   4.0399233e-01  -3.6705797e-01
   2.0000000e+00  -6.9421288e-02  -1.0625774e+00   1.1367932e+00  -1.7071228e+00   1.1432130e+00   5.1546877e-01
   2.0000000e+00   6.7901008e-01  -4.7255406e-01   5.1139351e-01  -2.8210956e-01  -9.8579304e-01   1.3194815e+00
   2.0000000e+00  -3.0476054e-02   1.4664247e+00   1.4692150e-01   3.9080471e-02  -2.0219335e-01   4.5254264e-01
   2.0000000e+00   3.7922318e-02   4.1012682e-01   8.2388953e-01  -3.5042661e-01   1.4726481e+00  -1.0587018e+00
   2.0000000e+00   1.7870198e+00  -7.9992745e-01  -2.2075593e+00   5.4753383e-02   7.1755548e-01   1.0294699e+00
   1.0000000e+00   5.8447289e-01  -3.1682743e-01   2.0947046e-02   3.1984622e-01  -7.3946350e-02   3.4805071e-01
   2.0000000e+00   1.9279499e-02  -7.9202387e-01   1.7488435e+00   1.3477240e+00   1.5384087e+00   9.1086543e-01
   2.0000000e+00  -2.8852571e-01  -7.4263214e-01  -2.1788598e+00  -7.8032397e-01   9.1935684e-03  -4.5971399e-01
   2.0000000e+00  -1.5171977e+00  -1.5941687e+00   7.1419211e-02  -3.4852211e-01  -1.6624305e+00  -1.0342243e+00
   2.0000000e+00  -3.0831983e-01  -9.1629626e-01   9.4229286e-01   4.7450513e-01  -4.7808158e-01  -7.9009785e-01
   2.0000000e+00   9.4921661e-01   1.2040590e-01  -5.7915815e-02   2.5627475e-01  -4.7763360e-01   1.2169741e+00
   2.0000000e+00  -7.1151714e-02  -1.1113511e+00  -4.8603019e-01   6.4511333e-01   6.9983760e-01  -7.5043612e-01
   2.0000000e+00  -7.3455707e-01   4.3239005e-01   1.0046429e+00   4.2361450e-01   1.0448011e+00  -5.0841143e-01
   2.0000000e+00  -6.4840537e-01  -2.3018696e-01  -6.9265484e-02   6.1856212e-01  -7.8502629e-01   1.3513381e+00
   2.0000000e+00  -9.7834362e-01  -2.4669346e+00   1.1181378e+00  -8.4079221e-02   1.2155270e+00   1.1025374e+00
   2.0000000e+00  -3.5835355e-02  -1.7241884e+00  -1.9508458e-01  -1.4352996e+00  -1.4127630e+00  -2.8315670e+00
   2.0000000e+00  -1.4350922e-01   3.9366440e-01  -3.7098703e-01   1.7482679e+00   5.6629243e-01   2.5011580e+00
   2.0000000e+00  -1.2785776e+00   1.5312213e-02   7.8123146e-01   7.3229560e-01   3.4537505e-01   1.4717107e+00
   2.0000000e+00   1.5998296e+00   1.6361506e+00   1.0307950e+00  -5.9828106e-01   1.6692246e+00   3.2706647e-01
   2.0000000e+00   6.5003220e-01  -1.2804691e-01  -2.0820072e+00   6.2998892e-02  -4.8632424e-01  -4.0964037e-01
   2.0000000e+00  -1.8279171e+00   4.3228253e-01   2.9384354e-01  -1.2504241e+00   1.2832975e+00  -5.6509315e-01
   2.0000000e+00  -2.5477940e-01  -1.2105337e+00  -9.3706309e-02   1.7482018e-01   2.5550041e-01  -3.8206508e-01
   2.0000000e+00  -1.0319682e+00  -1.6319166e+00  -8.1330610e-02   3.1633555e-01   1.0206090e+00  -2.4417009e-01
   2.0000000e+00  -1.2076840e+00   8.7740458e-01   7.0567021e-01   2.1211574e-01   4.2082360e-01   1.4589715e+00
   2.0000000e+00   8.9232577e-01  -6.5909307e-01  -2.0507438e-01   8.0765718e-02   1.5304270e-01  -5.4809171e-01
   2.0000000e+00   2.5366617e-02  -1.3939730e+00  -8.6058440e-01   1.3722508e-01  -8.1188014e-02  -6.3816268e-02
   2.0000000e+00   2.6204784e-01  -1.0587095e+00  -1.6711874e+00  -1.3230289e-01  -7.3903202e-01   1.0306832e+00
   2.0000000e+00   1.9985921e+00   7.6050358e-01  -1.8622810e-01  -4.4212017e-01   6.6749981e-01  -1.3020049e+00
   2.0000000e+00   7.0571329e-02  -7.8273827e-01  -6.4681326e-01  -7.4172133e-01  -2.2554222e-01  -1.3055031e+00
   2.0000000e+00   2.2009664e-01   3.8475758e-01   5.1202576e-01   1.4718940e-02   7.0179490e-01   1.4646923e+00
   2.0000000e+00   4.7018933e-01   1.6846039e+00   9.6488886e-02   1.1232858e+00   2.8909900e-01  -8.1482265e-02
   2.0000000e+00  -1.0946025e-03   4.3186733e-01   1.1804777e-01   7.3071941e-01  -1.3147040e+00  -1.4149866e-01
   1.0000000e+00   6.3178247e-01  -6.9901862e-02  -3.3677154e-01  -4.6042472e-01  -2.5924008e-02   2.2791604e-01
   2.0000000e+00   4.3686431e-01   6.8600210e-01  -7.7255192e-01  -7.3477495e-01   2.1218427e-01  -6.5904195e-01
   2.0000000e+00   1.1002199e+00  -9.3083073e-01  -5.1320233e-01  -4.5889447e-01  -1.4558627e+00   1.1334911e+00
   2.0000000e+00   9.2832847e-01  -9.1148337e-01   1.9543497e-01   1.4506889e+00  -2.5573676e+00   4.2080303e-01
   2.0000000e+00   4.4451475e-01  -2.8826879e-01   1.2842086e+00  -3.8113597e-02   2.9083161e-01  -1.2800728e+00
   2.0000000e+00  -3.2798190e-02   2.5224157e-01  -1.0657530e+00  -1.2463510e+00   5.4012642e-01  -9.9708004e-01
   2.0000000e+00  -8.7759334e-01   1.7081592e-01   3.8473583e-01   4.4257181e-01   1.7942621e-01  -1.5188904e+00
   1.0000000e+00   5.9057408e-01  -2.6700157e-01  -4.2490160e-01   5.3381194e-01  -6.9124364e-01   8.4238029e-01
   1.0000000e+00  -1.4020634e+00  -8.9818013e-02   9.1038023e-01   3.5621799e-01  -1.6685412e-01   6.6561562e-01
   2.0000000e+00   1.2822991e+00  -2.0130030e-02  -1.2469632e+00   8.6048521e-02  -4.5729165e-01   1.3200094e+00
   1.0000000e+00  -1.3234227e-02   1.0238665e-01   2.0745056e-02  -7.3622296e-01  -5.6111907e-01   8.6368812e-01
   2.0000000e+00   4.5555806e-01  -1.8269615e+00   1.4030017e+00  -1.2363901e+00   9.0142711e-01  -9.9604254e-01
   1.0000000e+00  -1.0913246e+00  -2.8598983e-01  -1.5457056e+00   2.4240016e-01  -5.7318965e-01   2.2113359e-01
   2.0000000e+00   6.8037720e-01  -3.2413510e-01   1.2446439e+00  -4.8824263e-02  -3.9250290e-01  -1.4144809e+00
   2.0000000e+00   7.0989623e-01  -2.0149357e-01   1.0217432e-01  -1.2221643e+00  -3.4093750e-01  -1.2639594e+00
   1.0000000e+00  -9.4085238e-01   3.3985266e-01  -3.2847215e-01  -9.2186533e-01   8.7682836e-01   7.4800320e-01
   2.0000000e+00   7.4018151e-01   4.3876406e-01   1.9179770e+00  -1.0245538e+00   1.0265324e+00  -9.5111868e-02
   2.0000000e+00  -3.2271662e-01  -1.7002334e-01  -1.5374456e+00  -5.8946100e-01   9.3859820e-01  -2.4349644e-01
   2.0000000e+00   8.0519692e-01  -1.0010363e-01  -8.5424089e-01  -3.9040550e-01  -1.6563243e+00  -1.2821826e-01
   2.0000000e+00   1.5303060e+00  -1.4472287e+00   1.0222655e+00  -1.3719301e+00  -2.8312094e-01   1.9933719e-01
   2.0000000e+00   1.2240457e+00   9.0016336e-01  -6.4782684e-01  -2.6489331e+00   1.4718243e+00   7.2120833e-01
   2.0000000e+00   1.4654309e-01   6.4640862e-01   3.2469974e-01   3.2998358e-01  -4.2400161e-01  -1.3693405e+00
   2.0000000e+00  -5.1402499e-01  -2.5253086e-01   1.1346871e+00  -5.8221499e-01   5.8162033e-01   1.6601369e+00
   1.0000000e+00   9.7846814e-01  -1.2230021e-01  -4.0932643e-02  -4.8093626e-01   6.4477055e-01   9.2326121e-01
   2.0000000e+00  -1.1871075e+00   4.2323277e-01  -5.8837752e-01   1.8936921e-01   4.7109058e-01  -7.6686505e-01
   2.0000000e+00  -2.1701805e+00   4.9774426e-01   8.5317092e-01   1.6738223e+00   1.6034732e+00   1.5090758e+00
   2.0000000e+00   9.4465364e-01   1.1193881e+00   8.0177802e-02  -1.6578734e+00  -7.6625070e-02  -1.3824518e-01
   2.0000000e+00   8.5409882e-01   1.5535425e-01  -1.7699842e+00  -1.3195323e+00  -3.8943952e-01  -6.0226054e-01
   2.0000000e+00  -2.6097312e-01   6.0182971e-01   1.0594282e+00  -1.1586724e+00   4.7151540e-01  -1.9923973e-01
   2.0000000e+00   5.5565953e-01  -6.0711199e-01   1.2557552e+00   1.9252549e+00   2.3231125e-01   1.3329157e+00
   2.0000000e+00   1.3466787e+00   8.3460436e-01  -7.6927937e-01   1.9273426e+00   5.6139371e-01   2.0526800e+00
   2.0000000e+00  -2.3376363e-01  -1.6870935e+00   1.2993618e+00   1.5545943e+00  -1.4003793e+00  -1.3381979e+00
   2.0000000e+00  -2.1477623e-01  -5.9184356e-01   6.6622014e-02  -7.9670206e-01   2.0908293e+00  -8.6212063e-01
   2.0000000e+00   1.0567862e-01   1.1051908e+00   1.7059206e-01   5.5863711e-01  -6.1533748e-01  -5.7989800e-01
   2.0000000e+00  -1.0103315e+00   1.0894696e+00   4.8542792e-01   2.3827607e+00   2.0250302e+00   8.0279516e-01
   2.0000000e+00   3.8685267e-01  -3.2844274e-01  -6.9719862e-01  -1.0641765e+00  -4.5147526e-01  -1.0827525e+00
   2.0000000e+00   1.6302550e+00  -9.7184169e-01  -8.0702131e-01  -2.5606229e-01   2.5870065e-01  -7.2855145e-01
   2.0000000e+00  -1.0006818e+00  -9.4119180e-01   7.6057909e-01   1.8969104e-01  -1.1716850e+00   5.3952506e-01
   1.0000000e+00  -2.8567087e-01  -2.7106658e-01  -4.5674914e-01  -4.1356691e-01  -1.5859701e+00   1.6246351e-01
   2.0000000e+00  -1.9063298e+00   4.6313558e-01   2.5837724e-01  -9.5737013e-01   1.6475359e-01   1.6609264e+00
   2.0000000e+00   4.9352964e-01  -7.5808479e-01   1.8622761e+00  -1.2391621e+00  -1.1236737e+00  -6.2084560e-01
   2.0000000e+00   2.2077389e+00   6.8184926e-01   6.4099244e-01   1.4787213e+00   8.7988649e-01  -4.7906247e-02
   2.0000000e+00  -8.1163007e-01   1.0605607e+00  -3.8744924e-01   1.8272042e-01   5.6787665e-01  -9.8448613e-01
   2.0000000e+00   1.2335809e+00   1.9632378e-01  -9.3594270e-02  -8.5411600e-01   9.7922484e-02   2.4292665e+00
   2.0000000e+00  -7.2867727e-01   1.1421595e+00   5.4912091e-01  -6.0758190e-01   9.9290513e-02  -6.4199523e-01
   1.0000000e+00   8.5715209e-02   2.3467624e-01  -1.8309534e-01  -3.1505256e-01   1.0442340e-01   3.3526423e-01
   2.0000000e+00  -7.1668239e-02   2.1188418e+00  -3.6212303e-01   1.5092830e-01   1.6103318e+00   6.1609154e-02
   1.0000000e+00   6.3594427e-01  -4.6180720e-02  -6.8590423e-01   7.3911947e-03   7.9419377e-01   6.6624754e-01
   1.0000000e+00   1.4626291e+00   2.5242296e-01   2.7446227e-01  -7.6972678e-01   1.1445742e+00   7.3723106e-01
   2.0000000e+00   1.9437412e+00   1.1939711e+00  -2.2086786e+00  -8.0477157e-01   4.6772967e-01   4.9525280e-01
   2.0000000e+00   1.3117708e+00   1.9153160e-01  -1.3360704e+00   5.2670222e-02   3.5137541e-01  -9.6959768e-01
   1.0000000e+00   6.4282900e-01   8.1630905e-01  -2.7098071e-01  -1.3105327e+00   1.2628520e-01   6.1838901e-02
   1.0000000e+00  -2.5535593e+00   9.7221278e-01   6.6279564e-01   2.1952490e+00   4.1704307e-01   3.3003985e-02
   1.0000000e+00  -4.6116886e-01   2.3977559e-01  -2.4831053e-01  -2.6212597e-01   2.2129113e-01   8.1696737e-01
   2.0000000e+00   2.0437772e-01  -7.6199361e-01  -2.0361340e+00  -1.0243712e+00   2.9493738e-01   1.5325138e+00
   2.0000000e+00   1.6439123e+00   2.0920371e-01   1.8233290e+00  -4.3826036e-01  -1.7991702e+00  -1.7588669e+00
   2.0000000e+00  -1.3292491e+00   1.1942914e+00  -1.2701473e-01   3.3613829e-01   1.5994126e-01  -1.6052554e+00
   2.0000000e+00  -4.4540445e-01   8.4792977e-01   1.7932485e+00   1.2009961e+00   2.5630724e-01  -1.0054684e+00
   2.0000000e+00  -2.0930365e+00  -1.2809423e+00   6.6366483e-01  -8.4880205e-01  -1.5309426e+00   9.3826776e-01
   2.0000000e+00   6.9755972e-01   2.6426606e+00   1.2909771e+00  -5.5051478e-01   1.1148217e+00   3.6927828e-02
   2.0000000e+00   8.1544374e-01   1.1234600e+00   1.3045950e+00  -2.8066118e+00   1.1226659e+00   5.2488080e-01
   2.0000000e+00  -2.0908548e+00   1.3369291e+00  -1.0333090e+00  -6.1443739e-01   1.0422256e+00  -1.3392703e+00
   2.0000000e+00   1.0522077e+00  -7.9686934e-01  -5.2714003e-01  -6.4178494e-01   7.8093484e-01  -6.7861905e-01
   1.0000000e+00   1.9299287e-01  -6.4715194e-01   7.3829582e-01  -5.7428909e-01   2.7418147e-01   3.1897506e-01
   2.0000000e+00  -1.7518274e-02   5.3424889e-02   9.1897948e-01  -1.9796701e-02  -1.9888405e+00  -1.2009371e+00
   2.0000000e+00   1.9632972e-01  -1.5590668e+00   9.2832675e-01   1.3927078e-01   2.5437512e+00  -2.6210976e+00
   1.0000000e+00   7.1018341e-01   6.1753257e-01  -5.1158974e-01  -2.4396069e+00  -1.7996779e-01   3.5330290e-01
   2.0000000e+00  -3.3848619e-01  -9.9185343e-01   3.2588931e-01  -1.7845565e+00  -1.5363507e+00  -4.4506969e-01
   2.0000000e+00   6.4125966e-01   8.1673182e-01  -1.5583764e-01  -4.4027443e-01  -1.2375343e+00  -2.4972589e-01
   2.0000000e+00  -9.0509540e-01   8.1302746e-01   4.9083691e-01  -1.5072364e+00  -2.6562651e+00  -1.1292250e+00
   2.0000000e+00  -3.1069269e-03   1.3745364e-01   1.1794446e+00   1.2658527e+00   1.2337243e+00  -1.1038299e+00
   2.0000000e+00   1.4016328e-01   9.0040707e-01   9.6458583e-01   1.5943277e-01   5.5584933e-01  -4.4077680e-01
   2.0000000e+00  -4.9206665e-01  -7.0508241e-01  -3.0412342e-01  -1.6163461e+00  -2.2857969e-01   1.9141611e+00
   1.0000000e+00   1.6492069e+00  -5.0369843e-01  -1.8840201e-01   3.8155029e-01   1.7839376e-01   4.0638182e-01
   2.0000000e+00   9.9759961e-01  -7.6410878e-01   2.3783482e-01   7.4743866e-01   5.9068166e-01  -1.7594069e+00
   2.0000000e+00  -5.2591015e-01  -5.4595192e-01  -3.3068679e-01   2.4909249e-01   9.3892868e-01  -7.5703190e-01
   2.0000000e+00  -1.6771789e+00   2.9705069e+00  -1.7407903e-01   2.0506257e+00  -1.7780598e+00  -1.2410205e-01
   2.0000000e+00  -1.3274164e+00  -1.6251404e+00  -1.1618559e+00  -2.8765504e-01  -2.1161360e-01   1.5703764e+00
   2.0000000e+00  -4.2380314e-01   6.1953129e-01  -9.3388259e-01   9.5189735e-01  -2.8470503e-01  -1.2018892e+00
   2.0000000e+00   3.1919226e-01  -2.0493849e+00   4.1401067e-01   3.9973313e-01   1.4384752e+00   1.5795504e+00
   1.0000000e+00  -1.8400591e+00  -2.7916075e-01   3.0616423e-01   7.0686574e-01  -9.5828739e-01   5.5082727e-01
   2.0000000e+00  -2.2022731e-01   1.0826155e+00  -1.9253123e+00  -1.3545676e+00   2.6169465e-01   7.8943666e-01
   2.0000000e+00   2.6600656e-01  -5.0878105e-01  -3.0290381e-01   2.2092420e+00   4.7928052e-01  -1.0117195e+00
   2.0000000e+00  -2.5118360e+00  -1.5761791e-01   4.7633407e-01   4.6721896e-01  -1.1851482e+00  -5.5666353e-02
   2.0000000e+00  -7.3959159e-01  -1.8845864e-01  -6.0563111e-01   5.9373311e-01  -8.7807563e-01  -1.3528502e+00
   2.0000000e+00  -1.0800887e-01  -8.2876540e-01  -5.8328817e-01   9.5710891e-01  -2.8205699e-01  -1.0222305e+00
   2.0000000e+00  -3.3980534e-01   6.0621804e-01  -1.7919002e+00  -1.2046384e+00  -8.8109012e-01   1.4540208e+00
   2.0000000e+00  -3.1123579e-01   4.0184684e-01   1.2713008e+00   2.3399637e+00   1.3337899e+00  -3.7156400e-01
   2.0000000e+00  -4.6300234e-02   9.9303867e-01  -1.8471564e+00  -8.3808600e-01   1.1806223e+00   1.2390731e+00
   2.0000000e+00  -1.1323439e-01  -1.8033693e+00  -4.6174788e-01  -5.0224587e-02   4.5700823e-01   1.4856287e+00
   2.0000000e+00  -1.3720055e+00  -1.7453710e+00  -2.9030064e-01  -8.5699207e-01   2.9358118e+00  -3.0355379e-01
   2.0000000e+00   7.1071582e-01  -8.3498585e-01  -2.0694677e+00   6.3819589e-01  -7.7015879e-01  -2.4430076e-01
   1.0000000e+00  -1.5077859e-01  -2.1884882e-01  -1.9636990e-01   1.7599920e-01   9.1211043e-01   7.4467716e-01
   2.0000000e+00  -2.1914175e-01   1.1038016e+00   1.0544101e+00   1.0057057e+00  -1.5960495e+00  -1.1813435e+00
   2.0000000e+00   1.6638694e+00   7.6433395e-01  -8.2594514e-02  -1.3951787e+00   4.3447568e-01   8.3332267e-01
   2.0000000e+00  -2.1751898e+00  -5.4494038e-02  -5.6423292e-01   5.0485356e-01   1.3849654e+00  -9.7107889e-01
   2.0000000e+00  -1.1536997e+00   1.0694186e+00   5.8252377e-01  -7.2534573e-01   6.4371609e-01   9.8571892e-01
   1.0000000e+00  -5.5444176e-01   4.1239685e-01  -1.6104536e-01  -7.6046632e-01  -7.5050970e-01   8.2626291e-02
   2.0000000e+00  -4.6105441e-01   1.5851089e+00  -2.1614217e+00   5.4617762e-01  -8.2407259e-01   9.1688477e-01
   2.0000000e+00  -2.7034925e-01  -9.3364787e-01  -3.4249220e-01   1.4115120e+00  -2.0876184e-01   9.4539250e-01
   1.0000000e+00  -5.3206038e-01  -2.4125650e-01  -7.3739466e-01  -1.0225843e+00  -3.2659217e-01   5.4594500e-01
   2.0000000e+00  -3.2424151e-01  -1.7183289e+00   4.7826209e-01   5.7869091e-01  -3.1677643e-01  -3.1459646e-01
   1.0000000e+00   1.0661228e+00  -8.2337156e-02  -1.0417821e+00   4.3311596e-01  -1.5849735e-01   5.0467370e-01
   2.0000000e+00   1.0029830e+00  -6.1615085e-01   2.4378956e-01  -1.7792647e+00  -1.8936514e+00  -1.2845754e+00
   1.0000000e+00   3.7454421e-01  -3.8877087e-01  -4.3913536e-02  -1.3034120e+00  -9.4692345e-01   2.3817245e-01
   1.0000000e+00  -1.0479766e+00  -4.1210216e-01  -2.4959048e-01  -1.4196123e-01   1.7662550e+00   9.6176534e-02
   1.0000000e+00  -1.7194891e-01  -1.9632103e-01  -1.0522374e+00   1.7019281e+00  -2.4505985e-01   4.3433196e-01
   2.0000000e+00   9.7011231e-01  -2.8818289e-01  -4.8077870e-01   1.2177181e-01   2.6207108e-01  -1.9844550e+00
   2.0000000e+00  -2.4097060e+00   1.0782611e+00  -2.2826278e+00   1.2294556e+00   1.1615202e+00   4.3301558e-01
   2.0000000e+00  -1.4779231e+00   1.2433759e+00   1.6333171e+00   2.7769944e-01  -2.0233484e-01  -3.7555579e-01
   2.0000000e+00  -1.7175498e+00  -1.2391039e+00  -5.6516286e-01   1.8960232e-01   9.2914226e-01   9.0502836e-01
   2.0000000e+00  -1.0330162e+00  -5.6753735e-01  -9.0178636e-01  -1.4037846e+00  -1.4860556e+00  -8.5437195e-01
   1.0000000e+00  -3.2441433e-01  -2.8037851e-01  -1.1928741e+00  -2.7245672e-02   1.4238452e-02   2.3500607e-01
   2.0000000e+00   5.1168175e-01  -1.7266326e+00   4.4994932e-01  -1.0873562e+00   1.0730316e+00   8.2818413e-01
   2.0000000e+00   2.4697297e-01   4.0470014e-02  -9.6799945e-01  -6.5135641e-01   9.1552771e-01  -6.5612900e-01
   2.0000000e+00   8.3045939e-01  -6.7442819e-01  -7.9741329e-01   1.1083587e+00  -9.3241089e-01   1.5966745e+00
   2.0000000e+00  -1.3157459e-01   1.5921750e+00   2.9829855e-01   7.2233543e-01   4.9726734e-01   3.7795095e-01
   2.0000000e+00   1.7547228e+00  -5.9029913e-01  -3.4290273e-01   1.1619839e+00   1.0545456e+00  -6.3591166e-01
   1.0000000e+00   7.8482362e-02  -6.5286478e-01  -1.1192770e+00  -9.7573640e-01  -4.0500420e-01   6.3023561e-01
   1.0000000e+00  -1.5842993e-02   2.0880567e-01   1.0867711e+00   3.0369739e-01   3.6776646e-01   4.6983244e-01
   2.0000000e+00  -1.4845381e+00  -1.9308953e+00  -5.5675261e-01  -7.5330642e-01   7.7219657e-01   5.9416403e-03
   2.0000000e+00   2.2821649e-01  -1.1554373e-01  -5.5159923e-01  -1.8524607e-02   8.4341042e-01  -8.6552787e-01
   2.0000000e+00  -1.6025052e+00  -1.9976646e-01  -3.6619601e-01  -8.4682286e-01   2.0333553e-01  -7.8428641e-02
   2.0000000e+00  -8.0083563e-01  -4.7932690e-01  -7.4955004e-01  -2.3096667e-01   1.1120569e+00  -7.0269878e-01
   2.0000000e+00   1.6055413e+00   2.7490250e-01  -8.6037812e-02   1.3623147e-01   3.9183640e-01  -8.9746719e-01
   2.0000000e+00   2.3666269e+00   1.2923271e+00   3.2269735e-01  -2.9854067e-01  -6.6850208e-01   6.1200421e-01
   2.0000000e+00  -4.8354084e-01  -1.2111920e+00  -1.5009242e+00  -2.2960887e-01  -1.4661149e+00   5.4150529e-01
   2.0000000e+00   2.9119200e-01  -9.4636175e-01  -1.1226825e-01  -8.3382756e-01  -6.3608290e-01  -4.2924629e-01
   2.0000000e+00  -1.7678421e-01   3.8638227e-01   2.4472303e+00  -5.0416152e-01  -1.1739369e+00  -5.0266422e-01
   2.0000000e+00  -9.0596420e-01  -1.2187330e+00   2.6499658e-01   1.4223343e-01  -1.2155952e+00   8.4105597e-01
   1.0000000e+00  -4.8244754e-01  -7.6296593e-01  -7.3502091e-01  -2.5313037e-01  -1.1499498e+00   2.7696875e-02
   2.0000000e+00   9.9952755e-01   6.8696636e-01   1.5644880e+00   4.4215821e-02   1.9385720e+00  -5.0583585e-01
   2.0000000e+00  -5.3123068e-01   3.9580148e-01  -1.7709526e-01   1.5403320e+00   1.5894276e+00  -1.7588175e+00
   2.0000000e+00  -1.3563989e+00   1.0237060e+00  -1.7166411e-01   1.6021834e+00  -1.4566845e+00  -1.5184894e-01
   2.0000000e+00  -1.3430478e+00   2.9018710e-01  -6.8156499e-01  -1.4276813e+00   6.2279438e-01  -8.4706002e-01
   2.0000000e+00   1.5794319e+00   1.3883340e+00   2.2321271e-01  -1.2541458e+00  -2.8800470e-01   4.8309754e-01
   1.0000000e+00   1.2972640e+00   8.4975138e-02  -1.0656624e+00   3.5127207e-01  -3.8619581e-01   3.6477356e-01
   2.0000000e+00   2.1572806e+00  -5.1266799e-01  -1.0266467e+00  -2.6556649e+00  -1.8971323e+00  -4.1479919e-01
   2.0000000e+00   7.5094056e-01  -1.4287603e+00   8.5099557e-01  -3.3934383e-01   1.6455965e-01  -1.4055694e+00
   2.0000000e+00  -1.0764686e+00  -5.1609947e-01   3.7128142e-01  -1.2318674e-01  -3.4233370e-01  -4.7191871e-01
   2.0000000e+00   2.0649701e+00  -5.6891872e-01   2.3454151e-01  -4.4480024e-01   1.0592074e+00  -1.0959561e+00
   2.0000000e+00  -9.3128606e-01  -1.1074454e+00   5.9481924e-01   1.2012782e+00   5.5365619e-01   7.1919643e-01
   1.0000000e+00   7.9046922e-02  -4.5351208e-01   5.1556060e-01  -1.3532437e-02  -5.6071816e-02   2.9194490e-01
   2.0000000e+00  -2.8328296e+00  -1.6039081e-01  -2.4819222e+00   3.5648433e-01   8.1218554e-01  -1.0195030e-01
   2.0000000e+00  -1.5139686e-02   8.7293454e-01   1.4075185e+00   1.7850006e+00   1.9254581e+00   6.2538325e-01
   2.0000000e+00  -1.0581554e-01  -2.5549584e-01   5.7066204e-01   7.1193336e-01   4.6423249e-01  -8.8559882e-01
   2.0000000e+00  -2.0517522e+00  -1.0633042e-01  -8.2695696e-01  -5.9227084e-01  -1.3505797e+00  -2.4254959e+00
   2.0000000e+00   5.1166426e-02   3.0921641e-02   1.3956265e+00   1.9645109e+00  -1.2989630e+00   1.0847703e+00
   2.0000000e+00   3.2426162e-01   7.2623944e-01   6.3545163e-01  -7.6361809e-02   6.5110531e-01  -3.2900408e-01
   2.0000000e+00   1.3981855e+00  -5.2225204e-01   6.5524469e-01   4.1285335e-01  -7.0791257e-01  -1.8232258e-01
   2.0000000e+00  -7.7777560e-01   4.5963998e-01   1.0609561e+00  -4.0516879e-01  -1.2798520e+00  -2.5328111e-01
   2.0000000e+00  -9.1756968e-01  -3.0209173e-01  -8.4818209e-02  -1.3027512e-01   1.2843562e+00  -5.8234711e-02
   2.0000000e+00   1.4123796e+00   1.5865513e+00   1.0953239e+00  -2.5432856e-01  -9.1193535e-01  -9.7447559e-01
   2.0000000e+00   2.9766292e+00  -4.0722221e-01  -9.2903256e-01  -2.1837640e-01  -8.1267781e-01  -3.5744088e-01
   2.0000000e+00   6.3406716e-01   9.5052800e-01   7.6236862e-01   1.9722379e+00   1.7790014e+00  -2.0145533e-01
   2.0000000e+00   3.0685599e-01   9.4738012e-01   2.6054553e-01  -1.5103505e-01  -3.9427040e-01   4.9769977e-01
   2.0000000e+00   9.0630678e-01  -8.4213992e-01   4.5360616e-01   3.6148271e-01   1.6682901e+00  -3.9252461e-01
   2.0000000e+00   1.0206616e-01   1.0339632e-01   1.3450062e+00   8.3223166e-01   1.2234462e+00  -8.1411880e-01
   2.0000000e+00  -1.5864333e-01   1.2283864e+00   2.0780297e-01  -5.0939093e-01   6.1453813e-02  -1.7951752e+00
   1.0000000e+00   8.8605720e-01  -3.6365341e-01  -4.0378364e-01  -2.0449500e+00   8.9510373e-01   1.9660591e-01
   1.0000000e+00   7.3344505e-01  -7.2591335e-02  -1.3515922e+00   1.4527129e+00   8.5239365e-01   2.3961003e-01
   2.0000000e+00   2.2253975e-01   3.1992457e-01  -3.4037490e-01  -8.2635453e-01  -4.8121639e-01  -1.6114817e+00
   2.0000000e+00   6.4976426e-01   5.7517166e-01   1.2031968e+00  -1.2961111e+00   8.0998781e-01  -1.9263852e-01
   2.0000000e+00   8.3587566e-01   1.1670540e+00   7.4244235e-01  -2.4810283e+00   9.9090743e-01  -1.0824194e+00
   2.0000000e+00  -1.4027445e+00  -2.1239278e+00  -7.8245831e-01   1.3072169e+00   2.3908604e-01   8.3220374e-01
   1.0000000e+00  -1.3236816e+00  -4.5814033e-01   4.3606035e-01   4.9218017e-01  -1.0521440e+00   2.5567859e-01
   2.0000000e+00  -8.0732884e-01   1.6411311e-01  -7.2752460e-02   3.9551849e-01  -4.1370930e-01  -2.5135140e-01
   2.0000000e+00   1.0251326e+00  -1.2579093e+00   5.2193188e-01  -5.8591003e-01  -1.0575869e+00   1.5255769e+00
   2.0000000e+00  -8.9757393e-01  -7.4574365e-01  -4.9372593e-01  -9.4210826e-01   6.1240660e-01  -2.8543312e-01
   1.0000000e+00   6.2664744e-01  -5.9129350e-01   1.6324643e+00  -6.5474506e-01   2.1024844e+00   2.9521870e-02
   1.0000000e+00   1.6065355e+00   1.3369941e-01  -4.2018410e-01   6.2621861e-01   1.9923783e+00   3.3939778e-01
   2.0000000e+00  -9.6897381e-01  -9.1411386e-01  -1.7755304e-01  -1.9648613e-01   5.1885995e-01   7.4234983e-01
   2.0000000e+00  -9.9804691e-01   7.0661452e-01   1.6659928e+00  -5.0938419e-01   2.4580897e-02  -2.6985885e-01
   1.0000000e+00   5.0166921e-01   1.4613954e-01   2.5933676e-01   7.0621077e-01   2.6499376e-01   7.2700557e-01
   2.0000000e+00   6.9657042e-01   5.0346499e-01   1.6577810e+00   1.1231292e+00   2.2294998e+00  -9.1928895e-01
   2.0000000e+00  -7.1500072e-01   2.0287875e-01   9.9395904e-01   8.2696384e-01  -1.9277120e-01  -4.4081708e-01
   2.0000000e+00  -5.8515839e-01  -9.3162674e-01   2.0755467e-01   1.0827383e-01  -2.6025971e-01  -6.4661937e-01
   1.0000000e+00   1.7357501e+00  -4.0377183e-02  -1.0042211e+00   1.6600610e+00  -6.6375491e-02   1.8233764e-01
   2.0000000e+00  -4.2413253e-01  -6.7423004e-01   3.0359714e-01  -1.7343417e+00   1.6172926e+00   9.7572693e-01
   2.0000000e+00  -5.9838603e-02  -3.8260266e-01  -5.3948984e-01  -1.0779279e+00   1.0810984e+00   1.5256042e+00
   2.0000000e+00   1.3695614e+00  -2.0322651e-01  -2.1838609e-01   4.7822784e-02   3.9463515e-01   1.3703466e+00
   2.0000000e+00  -5.8812235e-01  -4.3381924e-02  -2.8234853e-01   6.5592664e-01  -7.3593365e-01   1.6261830e+00
   2.0000000e+00  -1.4404862e-01  -2.5129379e+00  -5.0818612e-01   4.7227063e-01   4.5724494e-01  -1.1969777e+00
   2.0000000e+00   1.6023907e-01   4.4427643e-01  -1.2067176e+00   4.4346932e-02  -9.1338778e-01   1.5877338e+00
   2.0000000e+00  -1.5929280e-01   1.1482147e-01  -6.8548872e-01  -9.2343662e-01  -1.5642375e+00  -1.2438681e+00
   2.0000000e+00   1.1551015e+00   8.4114601e-01  -2.1969189e-01   8.6065697e-01   1.7220178e-01  -1.9779382e-01
   2.0000000e+00   4.6637250e-01  -2.1196835e+00  -7.4301176e-01   9.1641315e-01   2.0144411e+00   5.4093044e-01
   2.0000000e+00  -6.6497847e-02  -5.3363870e-02  -1.4154315e-01  -9.3850335e-01  -3.6102962e-01  -5.2145291e-02
   2.0000000e+00   2.5162166e+00   1.3825888e+00  -1.6743240e-01   1.5884338e+00  -2.1855189e-01   5.3276502e-02
   1.0000000e+00  -1.0681126e-01  -7.8127459e-01  -9.5510073e-02  -1.3079217e+00  -1.6244454e+00   3.6637016e-01
   2.0000000e+00  -2.3395019e-01   1.1512789e+00  -1.0207973e+00  -2.5276345e-01  -1.4083769e+00   9.6674283e-01
   1.0000000e+00  -3.6139443e-01   5.1338281e-01  -8.1457116e-02  -5.9998829e-01   3.8914018e-01   7.3835265e-01
   1.0000000e+00  -1.7321713e+00  -6.7161759e-01  -1.4673603e+00   4.6474173e-01   5.0761633e-01   5.1586036e-01
   2.0000000e+00  -9.8389641e-02   5.2986068e-01  -1.7923769e+00   1.1471233e+00  -6.2379582e-02  -7.8781746e-01
   2.0000000e+00  -3.2608274e-01   1.2793661e+00  -1.1494037e+00   4.3337942e-01  -1.6343615e+00   2.0644872e+00
   1.0000000e+00   6.8647740e-01  -3.9937854e-01   1.5238472e-01  -1.4018612e+00   7.0304696e-01   1.2845078e-02
   2.0000000e+00  -1.7198989e-01  -5.7835140e-01  -4.6978527e-01   1.3831505e+00  -8.5682138e-01  -2.0010781e+00
   1.0000000e+00   1.6391599e+00   1.9917066e-01  -2.8437881e-01  -1.2518642e-01  -2.5299039e+00   9.3985879e-01
   2.0000000e+00   2.6104326e-01   7.4950829e-01   6.2560110e-01  -1.0632283e-01   3.8162626e-01  -3.4211576e-01
   2.0000000e+00   4.9371334e-01   9.0613281e-01  -4.5845830e-01  -2.9328864e-01  -8.2045215e-01   1.5378271e+00
   2.0000000e+00   7.8319878e-01  -1.7602038e+00   2.5622881e-01  -3.6220386e-01  -2.4331160e+00   4.6924511e-01
   2.0000000e+00  -9.3512954e-01   2.9666008e-01  -1.0953953e+00   3.5413295e-02   9.1303129e-01   1.2878500e+00
   2.0000000e+00   8.9597898e-01   1.3465755e+00  -5.8293283e-01   1.7158302e+00   2.6152792e-02  -6.9854873e-01
   1.0000000e+00  -1.6816351e-01   3.0019675e-01   1.8501742e+00   3.1934349e-01  -2.4955545e-01   3.2599199e-01
   2.0000000e+00   1.0769991e+00   4.5208425e-01   2.1323979e+00  -4.2219252e-01  -1.1321053e+00   2.2089218e-01
   2.0000000e+00  -2.8484624e-02  -5.9129267e-01   8.0573852e-01   3.4304120e-01   1.5068807e+00  -8.1364728e-01
   2.0000000e+00  -2.8252226e-01  -7.4638854e-01  -1.0964609e+00  -6.7120145e-01  -9.5833839e-01  -5.8438786e-01
   2.0000000e+00  -1.6630156e+00  -1.2153917e-01  -5.9440869e-01   1.4242572e-01  -1.3175106e+00  -1.5424716e+00
   2.0000000e+00  -1.2969747e+00  -2.5295433e-01   4.0154142e-02  -2.2270245e-01  -3.2615553e-01  -2.6152665e-01
   2.0000000e+00  -1.5455880e-01   8.2060450e-01  -2.0079092e+00  -1.9071395e-01   2.4332357e-01   9.1541739e-01
   2.0000000e+00  -4.9584785e-01  -5.3189582e-01  -5.3828110e-01  -1.7752215e+00  -1.8527773e+00   1.1387031e+00
   2.0000000e+00  -3.1578755e-02   1.5356243e+00  -1.2627533e+00   6.2667730e-01  -4.5065182e-01   7.1729547e-01
   1.0000000e+00  -5.1063162e-01  -3.1502143e-01  -3.5748698e-01   1.4520914e+00   7.2159597e-01   6.0337074e-01
   2.0000000e+00  -4.0627306e-01   1.0164727e-01  -7.7185131e-01  -3.7951568e-01  -5.1170276e-03  -5.8050035e-01
   2.0000000e+00   1.3764757e+00  -5.0598498e-01   2.3197341e+00   9.6669761e-01  -6.3246145e-02  -7.9050935e-01
   2.0000000e+00   5.0164066e-02  -8.7732347e-01   2.2505230e+00   6.4015345e-02   2.3762679e-01   5.9511433e-01
   2.0000000e+00   7.3472928e-01   1.8440125e+00   7.4546402e-01  -8.4801141e-01  -6.7121567e-04   2.0019638e+00
   2.0000000e+00  -3.6014710e-01   1.2371063e+00  -2.0766951e+00   7.5909242e-01   1.1953179e-01   2.6922665e-01
   1.0000000e+00   1.4120369e+00   3.1280101e-01   1.4560167e+00  -5.8576639e-01   6.8055921e-01   2.0855766e-01
   2.0000000e+00   1.2671035e+00   2.4458440e-01  -1.9277858e+00  -5.1567421e-01  -1.0857954e+00  -7.6023504e-01
   2.0000000e+00  -5.6397385e-01  -1.1307378e-01   1.8069305e+00  -7.3087679e-01   1.2421609e-01  -7.8961556e-01
   2.0000000e+00  -3.4984014e-01   1.4400831e+00   6.2961945e-01   3.6001346e-01   9.7987035e-01  -5.5929595e-01
   2.0000000e+00   1.2935848e+00  -9.7003006e-01  -1.3152025e+00  -5.2494500e-01  -6.7849656e-01   9.2565675e-01
   2.0000000e+00  -7.2706526e-02  -2.5321588e-01   3.4369099e-01  -2.7042799e-01   1.7023309e-01  -1.8103326e-01
   2.0000000e+00  -1.4190230e-01  -1.3023938e+00   2.0523554e+00   6.2413614e-01   1.1788294e+00  -1.1150087e+00
   1.0000000e+00   9.8512161e-01  -2.0073324e-01   6.2687175e-01  -8.3902268e-02   2.0754018e+00   7.4857352e-01
   2.0000000e+00  -2.8200976e-01  -9.0594466e-01  -4.4154269e-01   1.5496671e+00   7.5902285e-01  -1.6526186e+00
   2.0000000e+00   1.1054353e+00  -1.4097318e+00  -8.3215853e-01  -5.7645476e-02   1.0154384e+00  -7.9334232e-01
   2.0000000e+00   1.3345248e+00  -6.0465360e-02   1.3328944e+00   1.9951099e+00  -3.6379196e+00  -5.6360651e-02
   2.0000000e+00   1.8179550e-02  -3.7218897e-01  -3.0924133e-01   9.2671817e-01   1.4414296e+00   1.6875702e+00
   2.0000000e+00  -2.5030286e+00  -2.8429870e-01  -4.8153813e-01  -6.6116163e-01  -4.0828114e-01  -5.6611212e-01
   2.0000000e+00  -4.4446417e-02   5.5275943e-01  -4.8005849e-01  -1.4743431e+00  -6.7604315e-01  -1.0964683e+00
   2.0000000e+00  -8.5424261e-02  -3.4304748e-01   4.9519758e-01   9.7345859e-01   1.4804075e+00  -2.1500166e+00
   2.0000000e+00  -7.0411275e-01  -2.1692436e+00   1.2285610e+00  -9.9736032e-01   6.8266609e-01  -1.6557584e+00
   1.0000000e+00  -4.0186808e-01  -3.8547042e-01  -3.7197984e-01  -1.2120182e+00  -1.3443814e+00   6.1816073e-01
   2.0000000e+00  -1.6193434e+00   2.3594764e-02  -1.3943272e+00   2.7271144e+00   5.0163737e-01  -1.3500702e+00
   2.0000000e+00  -9.8734907e-02   7.7263432e-01  -2.6231394e-01  -1.4365612e+00   4.4127049e-02   8.9022044e-01
   2.0000000e+00   8.0681112e-01   7.6429753e-01  -2.4732584e-01  -7.3358659e-01  -1.7093600e+00   1.0342040e+00
   2.0000000e+00  -1.8508605e+00  -1.2714852e+00   1.2286943e+00   6.8300769e-01   6.3986442e-01   1.5321950e+00
   2.0000000e+00  -7.0803311e-01  -1.5951142e-01   9.1328063e-01   7.4429382e-01  -1.0142076e+00   1.1898934e+00
   2.0000000e+00  -1.6415797e-01   6.0450436e-01   1.1242584e-01  -1.8239463e+00  -5.3516650e-01  -1.1516420e+00
   2.0000000e+00   8.4220349e-01   8.4942175e-01  -6.7791096e-01   1.3270695e+00  -1.0211136e+00   9.6789777e-01
   2.0000000e+00  -6.1685829e-01  -7.5560091e-01   2.7911275e+00   1.3137736e+00  -8.5066106e-01  -8.1063761e-02
   2.0000000e+00   2.5427330e+00  -4.9905250e-01  -1.2592469e+00  -5.7045572e-01   4.7600099e-01  -6.9527473e-01
   2.0000000e+00  -1.4484542e-01   8.5379716e-01   1.8473180e+00   2.4204537e-02   7.2718038e-02   8.5519588e-01
   2.0000000e+00   3.5009668e-01  -1.5742879e+00   4.0317640e-01   4.7841737e-01  -4.5829772e-01  -6.0710721e-01
   2.0000000e+00  -1.2957876e+00   8.9681280e-01  -9.2704725e-01  -1.0115855e+00  -3.8951504e-01  -1.5694345e-01
   2.0000000e+00   8.2966253e-01  -9.3548071e-01   4.3197209e-02   2.7216610e-01   3.6605721e-01   1.6595790e+00
   1.0000000e+00   1.0667152e+00  -8.0049367e-02   4.5598717e-01  -1.0559989e+00  -1.1499197e+00   2.1074233e-01
   2.0000000e+00  -1.1519503e+00   1.6738728e-01  -6.1498260e-01   2.2624808e+00   1.7417526e-01  -1.2458010e+00
   1.0000000e+00  -1.1209684e+00  -5.4069045e-02   1.0266422e+00   2.1562164e-01  -5.2208977e-01   5.0408996e-01
   2.0000000e+00  -8.5484690e-02   4.5696244e-03   3.9918037e-01   1.2270009e+00  -5.9343888e-01  -6.1559332e-02
   2.0000000e+00   3.6385365e-01   2.0730709e-01  -1.1693344e+00   1.6402659e+00   2.0004574e+00   1.4717549e+00
   2.0000000e+00   7.5874202e-01   2.1317453e-01  -5.3871545e-01  -1.5960901e+00  -2.4774754e-01  -6.8427697e-01
   2.0000000e+00   1.5597944e+00  -1.1062063e+00   4.0096742e-01   2.5806885e-01   3.3456778e-01  -1.3021681e+00
   2.0000000e+00   6.8858038e-01  -1.7878398e+00   3.9906091e-01  -1.4491103e+00  -1.3859033e-01   1.4330413e-01
   1.0000000e+00   1.9142682e+00   9.4335097e-01   1.3288263e+00  -4.7827443e-01  -8.0695906e-01   1.8975372e-01
   1.0000000e+00   4.7139161e-01   8.6429893e-01   5.8756482e-01  -5.1970981e-01   1.8589880e-01   3.2118843e-01
   2.0000000e+00   1.8796736e-01   3.6822046e-02   3.2300746e-01   1.1215575e+00  -2.6891016e-01   1.1684684e+00
   2.0000000e+00   2.1532921e+00  -1.7414867e+00   1.2598576e+00   3.7357882e-02  -1.2185498e+00   2.9569791e-02
   2.0000000e+00   1.9547205e+00   1.1721743e+00  -8.9978214e-02  -5.7594019e-01   1.1816043e+00  -1.0255321e+00
   2.0000000e+00   1.2745276e+00   1.4566447e+00   4.2723964e-02  -4.0430274e-01   1.7409542e+00   3.4398650e-01
   2.0000000e+00  -6.6686578e-01  -2.4187149e+00  -1.3920553e-01  -2.1910806e-01  -9.7011067e-01  -1.0047392e+00
   2.0000000e+00  -7.9931041e-01  -7.7311221e-01   1.6447664e+00  -1.6062183e-01   7.5911471e-01   9.7587747e-01
   2.0000000e+00   9.3116978e-01  -2.0093286e-01  -1.2005925e+00  -6.3953335e-01   2.5005305e-01  -1.6556963e+00
   2.0000000e+00  -4.7107389e-01  -1.4099660e+00   1.1565078e+00  -1.5330286e+00   8.4404116e-02  -9.3008978e-01
   2.0000000e+00  -4.8517031e-01   6.8348512e-01  -2.7142058e-01  -1.6083642e+00   4.9317217e-01   1.2720486e+00
   1.0000000e+00  -6.8948007e-01  -2.5832208e-01  -1.0115748e+00  -1.4830532e+00  -1.5567154e+00   8.0543498e-01
   1.0000000e+00   1.5074448e+00   5.4307988e-01   7.1431871e-01   1.0242921e-01   1.3262409e+00   7.5465143e-02
   2.0000000e+00   8.9570064e-01  -8.1248732e-01  -2.9914325e-01  -2.4970490e-01   3.1972707e-01   1.4830979e+00
   2.0000000e+00  -4.0485499e-02   5.8918017e-01  -7.3410615e-01   4.2494635e-01   5.2969444e-01  -5.2388519e-01
   2.0000000e+00  -1.9849058e+00   1.8941595e+00  -1.3375780e+00   1.2005581e+00   2.6521626e+00   1.4985796e+00
   2.0000000e+00   1.7040421e-01   1.7272994e+00   2.1620515e-01   9.0447472e-01  -2.3277306e+00   4.0505969e-01
   1.0000000e+00   1.0118085e+00  -2.9685062e-01  -7.8028527e-01   1.8424263e+00   1.6226523e+00   1.8353507e-01
   2.0000000e+00  -1.4438827e+00  -5.4599473e-01  -6.5106632e-01  -1.3611737e+00  -6.3956843e-01  -1.1377788e-01
   2.0000000e+00   7.9549488e-02  -6.5407897e-01   2.2674827e-01   8.8464786e-02  -3.9252607e-02  -1.4784599e+00
   2.0000000e+00   1.3864949e+00   1.0192197e+00  -3.3888520e-01  -2.9347088e-01   2.4051778e-01  -2.0669772e+00
   2.0000000e+00   1.4429519e+00   3.2599867e-01  -9.7449835e-02   1.9233022e-01  -1.5990798e+00  -1.1806867e+00
   2.0000000e+00   8.2195787e-02   1.9630831e-01  -7.7291848e-01  -7.4009817e-01   1.7928844e-01  -5.5630722e-01
   2.0000000e+00  -1.2194279e+00  -1.8298986e+00  -3.7307646e-01   7.4493440e-02   6.3674397e-01  -7.1324592e-01
   2.0000000e+00   8.6726686e-01   1.3679006e+00   1.1897500e+00  -1.2875007e+00   8.0648484e-02   1.1082913e+00
   2.0000000e+00  -2.9949086e-01  -1.6709908e-01  -1.0205525e+00   7.7609605e-01  -1.0165803e+00  -5.8410628e-01
   2.0000000e+00   5.8231330e-02   1.6394787e+00  -2.9654356e-01  -4.6029982e-01  -1.5018433e+00  -3.3743706e-01
   2.0000000e+00  -1.7560734e+00  -2.5223543e-01   1.1158856e+00  -3.1978177e-01   8.8767603e-01  -1.5134736e+00
   2.0000000e+00   1.8399062e-01  -1.1779112e+00  -5.1173086e-01   2.3848871e-01  -1.6584613e-01   8.5751232e-01
   2.0000000e+00   1.8210978e+00  -4.7104051e-01   8.5561890e-01  -9.7169680e-04  -8.8456887e-01   1.4596573e+00
   2.0000000e+00  -5.4585646e-01  -2.0274218e+00   3.6673852e-01  -4.9512868e-01  -6.2796501e-01   8.8286548e-01
   2.0000000e+00   1.4900221e-01   8.8831914e-01   1.3901316e+00   6.2000489e-01  -7.3955339e-01  -5.7854015e-01
   2.0000000e+00   1.8878441e-02  -1.1299762e+00  -7.0966950e-01   7.2397407e-01  -3.3044879e-01   1.7144403e+00
   1.0000000e+00  -2.3659170e-01  -3.4821629e-01  -3.8361576e-01   1.3813536e+00   9.5006018e-01   3.8792739e-01
   2.0000000e+00   1.1087617e-01   9.9625712e-01  -9.1035688e-02  -6.7902621e-01  -4.2406540e-01  -3.7298930e-01
   2.0000000e+00   7.9829397e-01   2.2754359e-01  -1.4617511e+00  -1.4086081e+00   5.8844023e-01  -6.1889999e-01
   2.0000000e+00   8.3315698e-01  -4.3650702e-01  -4.8082046e-01  -4.5966260e-01  -9.3557484e-01  -1.4240832e-01
   2.0000000e+00   1.3125613e-01   1.7634173e+00   6.5051350e-02   9.6543097e-01   3.8892689e-01   1.0840469e-01
   2.0000000e+00   1.0168949e+00  -4.1127756e-02  -1.2171568e+00  -3.8788058e-01   3.5717928e-02  -1.8888272e-01
   2.0000000e+00  -3.8897650e-01   1.4454397e+00   8.9187923e-01   7.0037839e-01  -7.7748749e-01  -1.1740939e+00
   2.0000000e+00  -8.2053882e-02  -1.5842175e+00   1.7016714e-01   5.8103634e-01   2.9177856e-02   5.7659197e-01
   2.0000000e+00   3.2093153e-01   1.3869856e+00  -6.1170471e-01  -3.8911151e-02  -2.6576310e-01  -1.3935884e-01
   2.0000000e+00  -1.0388967e+00  -9.1933977e-01  -1.2299656e+00  -4.0442410e-01   2.0300460e-01   1.3114938e+00
   2.0000000e+00  -1.0062268e+00   2.8250935e-01   4.1183080e-01   2.2921319e-01  -1.0423569e+00   1.1378311e+00
   2.0000000e+00   7.4107374e-01   9.6680465e-01   6.1787857e-01   2.4828780e-01   1.5567810e+00   9.3432670e-01
   1.0000000e+00   1.4948850e+00  -2.9202366e-01  -1.6446403e+00   8.2104251e-01   1.8851134e-01   5.1560327e-01
   2.0000000e+00  -7.3627586e-01  -8.7875180e-01  -6.2109405e-01   9.5079054e-01  -9.2162745e-01  -1.4536256e+00
   1.0000000e+00  -1.4124389e+00   9.0136811e-02   1.2386937e+00  -1.3512379e+00  -1.8486714e+00   4.6999661e-01
   1.0000000e+00  -4.6448321e-01   6.4852375e-01  -6.6454185e-01  -1.1657368e+00   1.0155838e+00   3.3817568e-01
   2.0000000e+00   2.4207880e-01   5.6207581e-01   1.2661433e+00  -6.6952218e-01   9.7347926e-03  -1.2474690e-01
   1.0000000e+00  -1.3827360e+00   7.4772294e-01  -1.5396057e+00   3.1735593e+00   9.5172333e-01   2.5284999e-01
   2.0000000e+00   2.1481681e+00   1.3010325e-01  -5.6483734e-01   1.2697546e+00   6.4431296e-02  -1.4204924e+00
   2.0000000e+00  -1.0953628e+00  -1.8384362e-01  -6.1160745e-01  -2.4714068e+00   1.0892246e+00  -1.6328984e+00
   2.0000000e+00   2.5712811e+00  -6.1682712e-01  -2.1021414e+00   3.3999415e-01  -1.3920650e+00   2.4023370e-01
   2.0000000e+00  -1.7150598e+00   1.8374338e+00  -1.3156280e+00  -1.0756159e+00  -1.4147643e+00  -1.0626836e+00
   2.0000000e+00   2.8050554e-01   4.0664695e-01   3.0235577e-01  -1.8262526e+00  -2.5799143e-01   2.2566929e+00
   2.0000000e+00  -3.6107946e-01  -3.6371408e-01  -9.9764011e-01  -3.3847073e-02   3.3401120e-01  -2.1004597e+00
   2.0000000e+00  -1.1331725e+00  -9.2658699e-01   1.2531576e+00  -3.8130651e-01  -5.2829212e-01   2.7884209e+00
   1.0000000e+00   7.3793849e-01  -6.3908225e-02   8.2602056e-01  -8.0984241e-01  -1.9880493e+00   3.8603534e-02
   2.0000000e+00   5.8134735e-01   4.3848340e-01  -7.3492260e-01  -3.8561724e-01   1.0625437e+00  -1.5382628e+00
   2.0000000e+00   2.8725655e-01   7.3849503e-01  -2.2467095e+00   1.5265538e+00   3.4883454e-01  -9.3604614e-01
   2.0000000e+00   2.9424713e-01  -2.5241021e-01  -4.1180035e-01  -1.6162658e+00  -6.6503649e-01  -2.3237237e-01
   2.0000000e+00   1.7567075e-01  -1.4292022e+00   8.1568503e-01   7.1114441e-01  -1.8426850e-01   1.3137367e-01
   2.0000000e+00   6.3375533e-01  -3.1208410e-01  -5.7924323e-01   3.6235349e-01   7.2280708e-01  -7.6584245e-01
   1.0000000e+00   4.2255434e-01   3.5867878e-01  -5.3582308e-01  -1.8769977e+00  -4.9322492e-01   3.5261665e-01
   2.0000000e+00   1.5156216e+00   1.2350233e+00  -8.6115243e-01  -6.4729564e-01  -7.7457439e-01   2.0219694e+00
   1.0000000e+00   1.0082022e+00  -4.5897567e-01  -4.5093075e-01   1.7563138e-01  -2.8992393e-01   1.9507811e-01
   2.0000000e+00  -3.2844969e-01   7.1849503e-01   1.8774136e-01  -2.8392338e-01  -7.4939899e-01  -1.1094763e+00
   2.0000000e+00   2.9153341e-01   4.6469583e-01   2.7693286e-01  -1.5815300e-01   3.1002564e-01   1.9988563e+00
   2.0000000e+00   9.8711072e-01  -1.6320042e+00   5.4852319e-01  -2.1656002e-01   3.6820542e-01   7.2724065e-03
   2.0000000e+00   1.1148946e+00   1.9891912e+00   7.2776817e-02   6.8743663e-01  -1.1305393e+00  -1.2140098e-01
   1.0000000e+00  -9.9816233e-01  -2.8233204e-01   8.2226809e-01  -1.3300609e+00  -4.1387521e-02   4.4526252e-02
   1.0000000e+00   7.1563213e-02  -1.7085738e-02  -7.2665443e-01  -7.9152555e-01   1.4832682e+00   1.7849007e-01
   2.0000000e+00   9.0400605e-01   2.6654118e-01   1.6076478e+00  -1.3359220e-01   1.2044245e+00  -1.6997825e+00
   2.0000000e+00   1.5421970e+00  -1.1259179e+00  -9.6864819e-01   1.0179454e+00   2.1667459e-01   6.3572428e-01
   2.0000000e+00  -5.5613030e-01   2.5373725e-02  -3.1900130e-01   1.0243919e+00   1.5909132e+00  -2.5814899e+00
   2.0000000e+00   9.7949450e-02   4.8259686e-01   7.0129254e-01  -6.5553507e-01  -1.8367127e-02  -5.7646724e-01
   1.0000000e+00  -1.0353039e-01   1.6548771e-01  -1.3895841e+00   9.6347988e-01  -2.9806925e-01   2.6382499e-01
   2.0000000e+00   8.2099651e-01   1.1880898e-01   2.1392518e+00  -2.5479538e-01   1.1096557e+00  -6.6301984e-01
   1.0000000e+00   7.0519152e-01  -4.5379722e-01  -9.0345483e-01  -2.1700258e+00   3.5418296e-01   6.9575141e-01
   2.0000000e+00  -5.7209030e-01   5.1253625e-01   1.4064654e+00  -2.0037165e+00   1.4274960e+00  -8.0916726e-01
   2.0000000e+00  -4.3791979e-02  -1.9069578e+00  -1.1549441e+00   7.8113192e-01  -1.2215850e+00  -7.3979756e-01
   2.0000000e+00   1.9303109e+00  -1.6142801e-01   4.9813471e-01  -1.7115195e+00   1.8240648e+00  -4.8026783e-01
   2.0000000e+00  -2.0187995e+00  -1.3218245e+00   1.3352230e+00  -2.7502435e-01   3.0361230e-01  -1.1782240e+00
   2.0000000e+00  -5.0164859e-01  -9.9797772e-01   1.4513689e+00  -1.1854768e+00   8.1456233e-01  -1.3888168e-01
   2.0000000e+00   1.8030782e+00  -1.6220410e+00   1.0537030e-01  -9.7200051e-01   3.6760889e-01   4.3388275e-02
   2.0000000e+00   3.9299303e-01  -4.1113776e-01   8.4583378e-01   1.3403666e+00   1.1535102e+00  -3.8255883e-01
   1.0000000e+00   7.4778183e-01  -6.5968033e-02   1.5433468e+00  -7.8897488e-01  -1.4859968e+00   6.6150688e-02
   2.0000000e+00  -2.4757841e-01   8.2923572e-01  -2.1644843e+00  -5.4786852e-02   1.1046203e+00   2.4195066e-01
   2.0000000e+00   1.2652173e+00   5.9143017e-01  -5.6777888e-01  -9.4056584e-01  -1.9495625e+00  -1.2389861e+00
   2.0000000e+00  -9.2456035e-02  -6.3392949e-01  -1.1947766e+00  -1.5827771e+00   7.8464708e-01  -2.2753424e-01
   1.0000000e+00   7.7178216e-01   3.2519393e-01  -6.2464877e-01   1.0495946e-01   2.6984271e-01   6.2404241e-03
   1.0000000e+00  -2.1548054e-02   7.7310454e-01   9.1586619e-01  -3.0106360e-01  -1.5908796e+00   2.8408314e-01
   2.0000000e+00   9.2306795e-01  -8.7514997e-02  -7.6185646e-01  -1.6306789e+00   5.0463071e-01  -4.6482966e-01
   2.0000000e+00   5.1194581e-01   1.7770251e-01   1.9952156e+00   3.4249311e-01   5.6713950e-01   1.4250871e+00
   2.0000000e+00  -5.1197503e-01   1.5118375e+00  -7.9354051e-01   1.0758045e+00   2.0341452e-01   5.5732797e-01
   2.0000000e+00   6.7059861e-01  -7.0977852e-02   8.5985922e-01   2.1968805e+00   1.0034855e-02   1.0786481e+00
   2.0000000e+00  -1.2499853e-01  -5.7400271e-01  -3.2154282e-01   4.5058006e-01  -2.5195484e-01  -1.6520877e+00
   2.0000000e+00  -8.6059559e-01  -1.4275107e-01  -1.3119636e+00  -1.8183139e+00  -4.6259527e-01  -8.9012182e-01
